PERMNO	date	PRC	RET
93436	20170103	216.99001	0.015443
93436	20170104	226.99001	0.046085
93436	20170105	226.75000	-0.001057
93436	20170106	229.00999	0.009967
93436	20170109	231.28000	0.009912
93436	20170110	229.87000	-0.006097
93436	20170111	229.73000	-0.000609
93436	20170112	229.59000	-0.000609
93436	20170113	237.75000	0.035542
93436	20170117	235.58000	-0.009127
93436	20170118	238.36000	0.011801
93436	20170119	243.75999	0.022655
93436	20170120	244.73000	0.003979
93436	20170123	248.92000	0.017121
93436	20170124	254.61000	0.022859
93436	20170125	254.47000	-0.000550
93436	20170126	252.50999	-0.007702
93436	20170127	252.95000	0.001743
93436	20170130	250.63000	-0.009172
93436	20170131	251.92999	0.005187
93436	20170201	249.24001	-0.010678
93436	20170202	251.55000	0.009268
93436	20170203	251.33000	-0.000875
93436	20170206	257.76999	0.025624
93436	20170207	257.48001	-0.001125
93436	20170208	262.07999	0.017865
93436	20170209	269.20001	0.027167
93436	20170210	269.23001	0.000111
93436	20170213	280.60001	0.042232
93436	20170214	280.98001	0.001354
93436	20170215	279.76001	-0.004342
93436	20170216	268.95001	-0.038640
93436	20170217	272.23001	0.012196
93436	20170221	277.39001	0.018955
93436	20170222	273.51001	-0.013988
93436	20170223	255.99001	-0.064056
93436	20170224	257.00000	0.003945
93436	20170227	246.23000	-0.041907
93436	20170228	249.99001	0.015270
93436	20170301	250.02000	0.000120
93436	20170302	250.48000	0.001840
93436	20170303	251.57001	0.004352
93436	20170306	251.21001	-0.001431
93436	20170307	248.59000	-0.010430
93436	20170308	246.87000	-0.006919
93436	20170309	244.89999	-0.007980
93436	20170310	243.69000	-0.004941
93436	20170313	246.17000	0.010177
93436	20170314	258.00000	0.048056
93436	20170315	255.73000	-0.008798
93436	20170316	262.04999	0.024714
93436	20170317	261.50000	-0.002099
93436	20170320	261.92001	0.001606
93436	20170321	250.67999	-0.042914
93436	20170322	255.00999	0.017273
93436	20170323	254.78000	-0.000902
93436	20170324	263.16000	0.032891
93436	20170327	270.22000	0.026828
93436	20170328	277.45001	0.026756
93436	20170329	277.38000	-0.000252
93436	20170330	277.92001	0.001947
93436	20170331	278.29999	0.001367
93436	20170403	298.51999	0.072655
93436	20170404	303.70001	0.017352
93436	20170405	295.00000	-0.028647
93436	20170406	298.70001	0.012542
93436	20170407	302.54001	0.012856
93436	20170410	312.39001	0.032558
93436	20170411	308.70999	-0.011780
93436	20170412	296.84000	-0.038450
93436	20170413	304.00000	0.024121
93436	20170417	301.44000	-0.008421
93436	20170418	300.25000	-0.003948
93436	20170419	305.51999	0.017552
93436	20170420	302.51001	-0.009852
93436	20170421	305.60001	0.010215
93436	20170424	308.03000	0.007952
93436	20170425	313.79001	0.018700
93436	20170426	310.17001	-0.011536
93436	20170427	308.63000	-0.004965
93436	20170428	314.07001	0.017626
93436	20170501	322.82999	0.027892
93436	20170502	318.89001	-0.012204
93436	20170503	311.01999	-0.024679
93436	20170504	295.45999	-0.050029
93436	20170505	308.35001	0.043627
93436	20170508	307.19000	-0.003762
93436	20170509	321.26001	0.045802
93436	20170510	325.22000	0.012326
93436	20170511	323.10001	-0.006519
93436	20170512	324.81000	0.005292
93436	20170515	315.88000	-0.027493
93436	20170516	317.01001	0.003577
93436	20170517	306.10999	-0.034384
93436	20170518	313.06000	0.022704
93436	20170519	310.82999	-0.007123
93436	20170522	310.35001	-0.001544
93436	20170523	303.85999	-0.020912
93436	20170524	310.22000	0.020931
93436	20170525	316.82999	0.021307
93436	20170526	325.14001	0.026229
93436	20170530	335.10001	0.030633
93436	20170531	341.01001	0.017637
93436	20170601	340.37000	-0.001877
93436	20170602	339.85001	-0.001528
93436	20170605	347.32001	0.021980
93436	20170606	352.85001	0.015922
93436	20170607	359.64999	0.019272
93436	20170608	370.00000	0.028778
93436	20170609	357.32001	-0.034270
93436	20170612	359.01001	0.004730
93436	20170613	375.95001	0.047185
93436	20170614	380.66000	0.012528
93436	20170615	375.34000	-0.013976
93436	20170616	371.39999	-0.010497
93436	20170619	369.79999	-0.004308
93436	20170620	372.23999	0.006598
93436	20170621	376.39999	0.011176
93436	20170622	382.60999	0.016498
93436	20170623	383.45001	0.002196
93436	20170626	377.48999	-0.015543
93436	20170627	362.37000	-0.040054
93436	20170628	371.23999	0.024478
93436	20170629	360.75000	-0.028257
93436	20170630	361.60999	0.002384
93436	20170703	352.62000	-0.024861
93436	20170705	327.09000	-0.072401
93436	20170706	308.82999	-0.055826
93436	20170707	313.22000	0.014215
93436	20170710	316.04999	0.009035
93436	20170711	327.22000	0.035343
93436	20170712	329.51999	0.007029
93436	20170713	323.41000	-0.018542
93436	20170714	327.78000	0.013512
93436	20170717	319.57001	-0.025047
93436	20170718	328.23999	0.027130
93436	20170719	325.26001	-0.009079
93436	20170720	329.92001	0.014327
93436	20170721	328.39999	-0.004607
93436	20170724	342.51999	0.042996
93436	20170725	339.60001	-0.008525
93436	20170726	343.85001	0.012515
93436	20170727	334.45999	-0.027308
93436	20170728	335.07001	0.001824
93436	20170731	323.47000	-0.034620
93436	20170801	319.57001	-0.012057
93436	20170802	325.89001	0.019777
93436	20170803	347.09000	0.065053
93436	20170804	356.91000	0.028292
93436	20170807	355.17001	-0.004875
93436	20170808	365.22000	0.028296
93436	20170809	363.53000	-0.004627
93436	20170810	355.39999	-0.022364
93436	20170811	357.87000	0.006950
93436	20170814	363.79999	0.016570
93436	20170815	362.32999	-0.004041
93436	20170816	362.91000	0.001601
93436	20170817	351.92001	-0.030283
93436	20170818	347.45999	-0.012673
93436	20170821	337.85999	-0.027629
93436	20170822	341.35001	0.010330
93436	20170823	352.76999	0.033455
93436	20170824	352.92999	0.000454
93436	20170825	348.04999	-0.013827
93436	20170828	345.66000	-0.006867
93436	20170829	347.35999	0.004918
93436	20170830	353.17999	0.016755
93436	20170831	355.89999	0.007701
93436	20170901	355.39999	-0.001405
93436	20170905	349.59000	-0.016348
93436	20170906	344.53000	-0.014474
93436	20170907	350.60999	0.017647
93436	20170908	343.39999	-0.020564
93436	20170911	363.69000	0.059086
93436	20170912	362.75000	-0.002585
93436	20170913	366.23001	0.009593
93436	20170914	377.64001	0.031155
93436	20170915	379.81000	0.005746
93436	20170918	385.00000	0.013665
93436	20170919	375.10001	-0.025714
93436	20170920	373.91000	-0.003172
93436	20170921	366.48001	-0.019871
93436	20170922	351.09000	-0.041994
93436	20170925	344.98999	-0.017374
93436	20170926	345.25000	0.000754
93436	20170927	340.97000	-0.012397
93436	20170928	339.60001	-0.004018
93436	20170929	341.10001	0.004417
93436	20171002	341.53000	0.001261
93436	20171003	348.14001	0.019354
93436	20171004	355.01001	0.019733
93436	20171005	355.32999	0.000901
93436	20171006	356.88000	0.004362
93436	20171009	342.94000	-0.039061
93436	20171010	355.59000	0.036887
93436	20171011	354.60001	-0.002784
93436	20171012	355.67999	0.003046
93436	20171013	355.57001	-0.000309
93436	20171016	350.60001	-0.013978
93436	20171017	355.75000	0.014689
93436	20171018	359.64999	0.010963
93436	20171019	351.81000	-0.021799
93436	20171020	345.10001	-0.019073
93436	20171023	337.01999	-0.023414
93436	20171024	337.34000	0.000950
93436	20171025	325.84000	-0.034090
93436	20171026	326.17001	0.001013
93436	20171027	320.87000	-0.016249
93436	20171030	320.07999	-0.002462
93436	20171031	331.53000	0.035772
93436	20171101	321.07999	-0.031521
93436	20171102	299.26001	-0.067958
93436	20171103	306.09000	0.022823
93436	20171106	302.78000	-0.010814
93436	20171107	306.04999	0.010800
93436	20171108	304.39001	-0.005424
93436	20171109	302.98999	-0.004599
93436	20171110	302.98999	0.000000
93436	20171113	315.39999	0.040958
93436	20171114	308.70001	-0.021243
93436	20171115	311.29999	0.008422
93436	20171116	312.50000	0.003855
93436	20171117	315.04999	0.008160
93436	20171120	308.73999	-0.020029
93436	20171121	317.81000	0.029377
93436	20171122	312.60001	-0.016393
93436	20171124	315.54999	0.009437
93436	20171127	316.81000	0.003993
93436	20171128	317.54999	0.002336
93436	20171129	307.54001	-0.031523
93436	20171130	308.85001	0.004260
93436	20171201	306.53000	-0.007512
93436	20171204	305.20001	-0.004339
93436	20171205	303.70001	-0.004915
93436	20171206	313.26001	0.031478
93436	20171207	311.23999	-0.006448
93436	20171208	315.13000	0.012498
93436	20171211	328.91000	0.043728
93436	20171212	341.03000	0.036849
93436	20171213	339.03000	-0.005865
93436	20171214	337.89001	-0.003362
93436	20171215	343.45001	0.016455
93436	20171218	338.87000	-0.013335
93436	20171219	331.10001	-0.022929
93436	20171220	328.98001	-0.006403
93436	20171221	331.66000	0.008146
93436	20171222	325.20001	-0.019478
93436	20171226	317.29001	-0.024324
93436	20171227	311.64001	-0.017807
93436	20171228	315.35999	0.011937
93436	20171229	311.35001	-0.012716
93436	20180102	320.53000	0.029484
93436	20180103	317.25000	-0.010233
93436	20180104	314.62000	-0.008290
93436	20180105	316.57999	0.006230
93436	20180108	336.41000	0.062638
93436	20180109	333.69000	-0.008085
93436	20180110	334.79999	0.003326
93436	20180111	337.95001	0.009409
93436	20180112	336.22000	-0.005119
93436	20180116	340.06000	0.011421
93436	20180117	347.16000	0.020879
93436	20180118	344.57001	-0.007461
93436	20180119	350.01999	0.015817
93436	20180122	351.56000	0.004400
93436	20180123	352.79001	0.003499
93436	20180124	345.89001	-0.019558
93436	20180125	337.64001	-0.023852
93436	20180126	342.85001	0.015431
93436	20180129	349.53000	0.019484
93436	20180130	345.82001	-0.010614
93436	20180131	354.31000	0.024550
93436	20180201	349.25000	-0.014281
93436	20180202	343.75000	-0.015748
93436	20180205	333.13000	-0.030895
93436	20180206	333.97000	0.002522
93436	20180207	345.00000	0.033027
93436	20180208	315.23001	-0.086290
93436	20180209	310.42001	-0.015259
93436	20180212	315.73001	0.017106
93436	20180213	323.66000	0.025116
93436	20180214	322.31000	-0.004171
93436	20180215	334.06500	0.036471
93436	20180216	335.48999	0.004266
93436	20180220	334.76999	-0.002146
93436	20180221	333.29999	-0.004391
93436	20180222	346.17001	0.038614
93436	20180223	352.04999	0.016986
93436	20180226	357.42001	0.015254
93436	20180227	350.98999	-0.017990
93436	20180228	343.06000	-0.022593
93436	20180301	330.92999	-0.035358
93436	20180302	335.12000	0.012661
93436	20180305	333.35001	-0.005282
93436	20180306	328.20001	-0.015449
93436	20180307	332.29999	0.012492
93436	20180308	329.10001	-0.009630
93436	20180309	327.17001	-0.005864
93436	20180312	345.51001	0.056056
93436	20180313	341.84000	-0.010622
93436	20180314	326.63000	-0.044494
93436	20180315	325.60001	-0.003153
93436	20180316	321.35001	-0.013053
93436	20180319	313.56000	-0.024242
93436	20180320	310.54999	-0.009599
93436	20180321	316.53000	0.019256
93436	20180322	309.10001	-0.023473
93436	20180323	301.54001	-0.024458
93436	20180326	304.17999	0.008755
93436	20180327	279.17999	-0.082188
93436	20180328	257.78000	-0.076653
93436	20180329	266.13000	0.032392
93436	20180402	252.48000	-0.051291
93436	20180403	267.53000	0.059609
93436	20180404	286.94000	0.072553
93436	20180405	305.72000	0.065449
93436	20180406	299.29999	-0.021000
93436	20180409	289.66000	-0.032208
93436	20180410	304.70001	0.051923
93436	20180411	300.92999	-0.012373
93436	20180412	294.07999	-0.022763
93436	20180413	300.34000	0.021287
93436	20180416	291.20999	-0.030399
93436	20180417	287.69000	-0.012087
93436	20180418	293.35001	0.019674
93436	20180419	300.07999	0.022942
93436	20180420	290.23999	-0.032791
93436	20180423	283.37000	-0.023670
93436	20180424	283.45999	0.000318
93436	20180425	280.69000	-0.009772
93436	20180426	285.48001	0.017065
93436	20180427	294.07501	0.030107
93436	20180430	293.89999	-0.000595
93436	20180501	299.92001	0.020483
93436	20180502	301.14999	0.004101
93436	20180503	284.45001	-0.055454
93436	20180504	294.09000	0.033890
93436	20180507	302.76999	0.029515
93436	20180508	301.97000	-0.002642
93436	20180509	306.85001	0.016161
93436	20180510	305.01999	-0.005964
93436	20180511	301.06000	-0.012983
93436	20180514	291.97000	-0.030193
93436	20180515	284.17999	-0.026681
93436	20180516	286.48001	0.008094
93436	20180517	284.54001	-0.006772
93436	20180518	276.82001	-0.027132
93436	20180521	284.48999	0.027707
93436	20180522	275.01001	-0.033323
93436	20180523	279.07001	0.014763
93436	20180524	277.85001	-0.004372
93436	20180525	278.85001	0.003599
93436	20180529	283.76001	0.017608
93436	20180530	291.72000	0.028052
93436	20180531	284.73001	-0.023961
93436	20180601	291.82001	0.024901
93436	20180604	296.73999	0.016860
93436	20180605	291.13000	-0.018905
93436	20180606	319.50000	0.097448
93436	20180607	316.09000	-0.010673
93436	20180608	317.66000	0.004967
93436	20180611	332.10001	0.045457
93436	20180612	342.76999	0.032129
93436	20180613	344.78000	0.005864
93436	20180614	357.72000	0.037531
93436	20180615	358.17001	0.001258
93436	20180618	370.82999	0.035346
93436	20180619	352.54999	-0.049295
93436	20180620	362.22000	0.027429
93436	20180621	347.51001	-0.040611
93436	20180622	333.63000	-0.039941
93436	20180625	333.01001	-0.001858
93436	20180626	342.00000	0.026996
93436	20180627	344.50000	0.007310
93436	20180628	349.92999	0.015762
93436	20180629	342.95001	-0.019947
93436	20180702	335.07001	-0.022977
93436	20180703	310.85999	-0.072254
93436	20180705	309.16000	-0.005469
93436	20180706	308.89999	-0.000841
93436	20180709	318.51001	0.031110
93436	20180710	322.47000	0.012433
93436	20180711	318.95999	-0.010885
93436	20180712	316.70999	-0.007054
93436	20180713	318.87000	0.006820
93436	20180716	310.10001	-0.027503
93436	20180717	322.69000	0.040600
93436	20180718	323.85001	0.003595
93436	20180719	320.23001	-0.011178
93436	20180720	313.57999	-0.020766
93436	20180723	303.20001	-0.033102
93436	20180724	297.42999	-0.019030
93436	20180725	308.73999	0.038026
93436	20180726	306.64999	-0.006769
93436	20180727	297.17999	-0.030882
93436	20180730	290.17001	-0.023588
93436	20180731	298.14001	0.027467
93436	20180801	300.84000	0.009056
93436	20180802	349.54001	0.161880
93436	20180803	348.17001	-0.003919
93436	20180806	341.98999	-0.017750
93436	20180807	379.57001	0.109886
93436	20180808	370.34000	-0.024317
93436	20180809	352.45001	-0.048307
93436	20180810	355.48999	0.008625
93436	20180813	356.41000	0.002588
93436	20180814	347.64001	-0.024606
93436	20180815	338.69000	-0.025745
93436	20180816	335.45001	-0.009566
93436	20180817	305.50000	-0.089283
93436	20180820	308.44000	0.009624
93436	20180821	321.89999	0.043639
93436	20180822	321.64001	-0.000808
93436	20180823	320.10001	-0.004788
93436	20180824	322.82001	0.008497
93436	20180827	319.26999	-0.010997
93436	20180828	311.85999	-0.023209
93436	20180829	305.01001	-0.021965
93436	20180830	303.14999	-0.006098
93436	20180831	301.66000	-0.004915
93436	20180904	288.95001	-0.042133
93436	20180905	280.73999	-0.028413
93436	20180906	280.95001	0.000748
93436	20180907	263.23999	-0.063036
93436	20180910	285.50000	0.084562
93436	20180911	279.44000	-0.021226
93436	20180912	290.54001	0.039722
93436	20180913	289.45999	-0.003717
93436	20180914	295.20001	0.019830
93436	20180917	294.84000	-0.001220
93436	20180918	284.95999	-0.033510
93436	20180919	299.01999	0.049340
93436	20180920	298.32999	-0.002308
93436	20180921	299.10001	0.002581
93436	20180924	299.67999	0.001939
93436	20180925	300.98999	0.004371
93436	20180926	309.57999	0.028539
93436	20180927	307.51999	-0.006654
93436	20180928	264.76999	-0.139015
93436	20181001	310.70001	0.173471
93436	20181002	301.01999	-0.031156
93436	20181003	294.79999	-0.020663
93436	20181004	281.82999	-0.043996
93436	20181005	261.95001	-0.070539
93436	20181008	250.56000	-0.043482
93436	20181009	262.79999	0.048851
93436	20181010	256.88000	-0.022527
93436	20181011	252.23000	-0.018102
93436	20181012	258.78000	0.025968
93436	20181015	259.59000	0.003130
93436	20181016	276.59000	0.065488
93436	20181017	271.78000	-0.017390
93436	20181018	263.91000	-0.028957
93436	20181019	260.00000	-0.014816
93436	20181022	260.95001	0.003654
93436	20181023	294.14001	0.127189
93436	20181024	288.50000	-0.019175
93436	20181025	314.85999	0.091369
93436	20181026	330.89999	0.050943
93436	20181029	334.85001	0.011937
93436	20181030	329.89999	-0.014783
93436	20181031	337.32001	0.022492
93436	20181101	344.28000	0.020633
93436	20181102	346.41000	0.006187
93436	20181105	341.39999	-0.014463
93436	20181106	341.06000	-0.000996
93436	20181107	348.16000	0.020817
93436	20181108	351.39999	0.009306
93436	20181109	350.51001	-0.002533
93436	20181112	331.28000	-0.054863
93436	20181113	338.73001	0.022489
93436	20181114	344.00000	0.015558
93436	20181115	348.44000	0.012907
93436	20181116	354.31000	0.016847
93436	20181119	353.47000	-0.002371
93436	20181120	347.48999	-0.016918
93436	20181121	338.19000	-0.026763
93436	20181123	325.82999	-0.036548
93436	20181126	346.00000	0.061903
93436	20181127	343.92001	-0.006012
93436	20181128	347.87000	0.011485
93436	20181129	341.17001	-0.019260
93436	20181130	350.48001	0.027288
93436	20181203	358.48999	0.022854
93436	20181204	359.70001	0.003375
93436	20181206	363.06000	0.009341
93436	20181207	357.96500	-0.014033
93436	20181210	365.14999	0.020072
93436	20181211	366.76001	0.004409
93436	20181212	366.60001	-0.000436
93436	20181213	376.79001	0.027796
93436	20181214	365.70999	-0.029406
93436	20181217	348.42001	-0.047278
93436	20181218	337.03000	-0.032690
93436	20181219	332.97000	-0.012046
93436	20181220	315.38000	-0.052828
93436	20181221	319.76999	0.013920
93436	20181224	295.39001	-0.076242
93436	20181226	326.09000	0.103930
93436	20181227	316.13000	-0.030544
93436	20181228	333.87000	0.056116
93436	20181231	332.79999	-0.003205
